,observation_date,Production,année,mois,saison
0,1939-01-01,3.3336,1939,1,1
1,1939-02-01,3.3591,1939,2,1
2,1939-03-01,3.4354,1939,3,2
3,1939-04-01,3.4608,1939,4,2
4,1939-05-01,3.4608,1939,5,2
5,1939-06-01,3.5117,1939,6,3
6,1939-07-01,3.5117,1939,7,3
7,1939-08-01,3.5626,1939,8,3
8,1939-09-01,3.6644,1939,9,4
9,1939-10-01,3.6644,1939,10,4
10,1939-11-01,3.6899,1939,11,4
11,1939-12-01,3.6899,1939,12,1
12,1940-01-01,3.7153,1940,1,1
13,1940-02-01,3.7662,1940,2,1
14,1940-03-01,3.7917,1940,3,2
15,1940-04-01,3.7917,1940,4,2
16,1940-05-01,3.8171,1940,5,2
17,1940-06-01,3.868,1940,6,3
18,1940-07-01,3.868,1940,7,3
19,1940-08-01,3.9189,1940,8,3
20,1940-09-01,3.9698,1940,9,4
21,1940-10-01,3.9952,1940,10,4
22,1940-11-01,4.097,1940,11,4
23,1940-12-01,4.097,1940,12,1
24,1941-01-01,4.1225,1941,1,1
25,1941-02-01,4.1734,1941,2,1
26,1941-03-01,4.2243,1941,3,2
27,1941-04-01,4.2752,1941,4,2
28,1941-05-01,4.3006,1941,5,2
29,1941-06-01,4.377,1941,6,3
30,1941-07-01,4.4278,1941,7,3
31,1941-08-01,4.4787,1941,8,3
32,1941-09-01,4.5042,1941,9,4
33,1941-10-01,4.5296,1941,10,4
34,1941-11-01,4.5805,1941,11,4
35,1941-12-01,4.6823,1941,12,1
36,1942-01-01,4.7332,1942,1,1
37,1942-02-01,4.7841,1942,2,1
38,1942-03-01,4.8096,1942,3,2
39,1942-04-01,4.8096,1942,4,2
40,1942-05-01,4.8096,1942,5,2
41,1942-06-01,4.835,1942,6,3
42,1942-07-01,4.9877,1942,7,3
43,1942-08-01,5.0131,1942,8,3
44,1942-09-01,5.0386,1942,9,4
45,1942-10-01,5.0386,1942,10,4
46,1942-11-01,5.1149,1942,11,4
47,1942-12-01,5.1913,1942,12,1
48,1943-01-01,5.1404,1943,1,1
49,1943-02-01,5.2167,1943,2,1
50,1943-03-01,5.2422,1943,3,2
51,1943-04-01,5.3185,1943,4,2
52,1943-05-01,5.344,1943,5,2
53,1943-06-01,5.4457,1943,6,3
54,1943-07-01,5.4966,1943,7,3
55,1943-08-01,5.5221,1943,8,3
56,1943-09-01,5.6239,1943,9,4
57,1943-10-01,5.6239,1943,10,4
58,1943-11-01,5.7002,1943,11,4
59,1943-12-01,5.7002,1943,12,1
60,1944-01-01,5.6493,1944,1,1
61,1944-02-01,5.7257,1944,2,1
62,1944-03-01,5.8275,1944,3,2
63,1944-04-01,5.8529,1944,4,2
64,1944-05-01,5.8529,1944,5,2
65,1944-06-01,5.8529,1944,6,3
66,1944-07-01,5.802,1944,7,3
67,1944-08-01,5.8275,1944,8,3
68,1944-09-01,5.802,1944,9,4
69,1944-10-01,5.7511,1944,10,4
70,1944-11-01,5.802,1944,11,4
71,1944-12-01,5.8275,1944,12,1
72,1945-01-01,5.9292,1945,1,1
73,1945-02-01,5.9292,1945,2,1
74,1945-03-01,5.9038,1945,3,2
75,1945-04-01,5.9038,1945,4,2
76,1945-05-01,5.9547,1945,5,2
77,1945-06-01,6.031,1945,6,3
78,1945-07-01,6.0056,1945,7,3
79,1945-08-01,5.9038,1945,8,3
80,1945-09-01,5.802,1945,9,4
81,1945-10-01,5.7511,1945,10,4
82,1945-11-01,5.802,1945,11,4
83,1945-12-01,5.8529,1945,12,1
84,1946-01-01,5.8529,1946,1,1
85,1946-02-01,5.8529,1946,2,1
86,1946-03-01,5.8529,1946,3,2
87,1946-04-01,5.9547,1946,4,2
88,1946-05-01,6.0056,1946,5,2
89,1946-06-01,6.031,1946,6,3
90,1946-07-01,6.1583,1946,7,3
91,1946-08-01,6.2601,1946,8,3
92,1946-09-01,6.3364,1946,9,4
93,1946-10-01,6.4127,1946,10,4
94,1946-11-01,6.4382,1946,11,4
95,1946-12-01,6.4636,1946,12,1
96,1947-01-01,6.6418,1947,1,1
97,1947-02-01,6.5145,1947,2,1
98,1947-03-01,6.4636,1947,3,2
99,1947-04-01,6.4636,1947,4,2
100,1947-05-01,6.4382,1947,5,2
101,1947-06-01,6.4382,1947,6,3
102,1947-07-01,6.4382,1947,7,3
103,1947-08-01,6.6163,1947,8,3
104,1947-09-01,6.7436,1947,9,4
105,1947-10-01,6.769,1947,10,4
106,1947-11-01,6.8454,1947,11,4
107,1947-12-01,7.1762,1947,12,1
108,1948-01-01,7.5324,1948,1,1
109,1948-02-01,7.3543,1948,2,1
110,1948-03-01,7.3797,1948,3,2
111,1948-04-01,7.2271,1948,4,2
112,1948-05-01,7.0744,1948,5,2
113,1948-06-01,7.1253,1948,6,3
114,1948-07-01,7.1762,1948,7,3
115,1948-08-01,7.3543,1948,8,3
116,1948-09-01,7.4815,1948,9,4
117,1948-10-01,7.5579,1948,10,4
118,1948-11-01,7.6597,1948,11,4
119,1948-12-01,7.965,1948,12,1
120,1949-01-01,8.1432,1949,1,1
121,1949-02-01,7.965,1949,2,1
122,1949-03-01,7.8632,1949,3,2
123,1949-04-01,7.6851,1949,4,2
124,1949-05-01,7.5324,1949,5,2
125,1949-06-01,7.5833,1949,6,3
126,1949-07-01,7.6851,1949,7,3
127,1949-08-01,7.8632,1949,8,3
128,1949-09-01,7.9396,1949,9,4
129,1949-10-01,7.8887,1949,10,4
130,1949-11-01,8.0923,1949,11,4
131,1949-12-01,8.5503,1949,12,1
132,1950-01-01,8.9575,1950,1,1
133,1950-02-01,8.7539,1950,2,1
134,1950-03-01,8.8048,1950,3,2
135,1950-04-01,8.703,1950,4,2
136,1950-05-01,8.6776,1950,5,2
137,1950-06-01,8.7539,1950,6,3
138,1950-07-01,8.7794,1950,7,3
139,1950-08-01,8.9829,1950,8,3
140,1950-09-01,9.1102,1950,9,4
141,1950-10-01,9.2629,1950,10,4
142,1950-11-01,9.3901,1950,11,4
143,1950-12-01,9.7209,1950,12,1
144,1951-01-01,10.2807,1951,1,1
145,1951-02-01,10.1281,1951,2,1
146,1951-03-01,10.1281,1951,3,2
147,1951-04-01,10.1026,1951,4,2
148,1951-05-01,9.899,1951,5,2
149,1951-06-01,10.0263,1951,6,3
150,1951-07-01,10.0772,1951,7,3
151,1951-08-01,10.3062,1951,8,3
152,1951-09-01,10.408,1951,9,4
153,1951-10-01,10.3316,1951,10,4
154,1951-11-01,10.5352,1951,11,4
155,1951-12-01,10.8406,1951,12,1
156,1952-01-01,11.375,1952,1,1
157,1952-02-01,11.1205,1952,2,1
158,1952-03-01,11.0442,1952,3,2
159,1952-04-01,10.7643,1952,4,2
160,1952-05-01,10.5607,1952,5,2
161,1952-06-01,10.637,1952,6,3
162,1952-07-01,10.8152,1952,7,3
163,1952-08-01,11.1714,1952,8,3
164,1952-09-01,11.375,1952,9,4
165,1952-10-01,11.3495,1952,10,4
166,1952-11-01,11.4513,1952,11,4
167,1952-12-01,11.8585,1952,12,1
168,1953-01-01,12.2656,1953,1,1
169,1953-02-01,11.8839,1953,2,1
170,1953-03-01,11.9603,1953,3,2
171,1953-04-01,11.8839,1953,4,2
172,1953-05-01,11.7313,1953,5,2
173,1953-06-01,11.8839,1953,6,3
174,1953-07-01,12.0621,1953,7,3
175,1953-08-01,12.2402,1953,8,3
176,1953-09-01,12.2402,1953,9,4
177,1953-10-01,12.1384,1953,10,4
178,1953-11-01,12.0621,1953,11,4
179,1953-12-01,12.4692,1953,12,1
180,1954-01-01,13.1563,1954,1,1
181,1954-02-01,12.8,1954,2,1
182,1954-03-01,12.7492,1954,3,2
183,1954-04-01,12.5965,1954,4,2
184,1954-05-01,12.342,1954,5,2
185,1954-06-01,12.5456,1954,6,3
186,1954-07-01,12.8764,1954,7,3
187,1954-08-01,13.2072,1954,8,3
188,1954-09-01,13.2581,1954,9,4
189,1954-10-01,13.1563,1954,10,4
190,1954-11-01,13.2072,1954,11,4
191,1954-12-01,13.8688,1954,12,1
192,1955-01-01,14.276,1955,1,1
193,1955-02-01,14.2251,1955,2,1
194,1955-03-01,14.2251,1955,3,2
195,1955-04-01,14.0724,1955,4,2
196,1955-05-01,13.7925,1955,5,2
197,1955-06-01,13.9197,1955,6,3
198,1955-07-01,14.276,1955,7,3
199,1955-08-01,14.9885,1955,8,3
200,1955-09-01,15.0903,1955,9,4
201,1955-10-01,14.8104,1955,10,4
202,1955-11-01,14.8867,1955,11,4
203,1955-12-01,15.6501,1955,12,1
204,1956-01-01,16.21,1956,1,1
205,1956-02-01,16.0064,1956,2,1
206,1956-03-01,15.8537,1956,3,2
207,1956-04-01,15.6501,1956,4,2
208,1956-05-01,15.4975,1956,5,2
209,1956-06-01,15.5993,1956,6,3
210,1956-07-01,15.8283,1956,7,3
211,1956-08-01,16.21,1956,8,3
212,1956-09-01,16.1082,1956,9,4
213,1956-10-01,15.8283,1956,10,4
214,1956-11-01,15.8283,1956,11,4
215,1956-12-01,16.5408,1956,12,1
216,1957-01-01,17.2788,1957,1,1
217,1957-02-01,17.0498,1957,2,1
218,1957-03-01,16.8207,1957,3,2
219,1957-04-01,16.5408,1957,4,2
220,1957-05-01,16.2609,1957,5,2
221,1957-06-01,16.4645,1957,6,3
222,1957-07-01,17.1261,1957,7,3
223,1957-08-01,17.6605,1957,8,3
224,1957-09-01,17.406,1957,9,4
225,1957-10-01,16.9225,1957,10,4
226,1957-11-01,16.9734,1957,11,4
227,1957-12-01,17.6096,1957,12,1
228,1958-01-01,18.2203,1958,1,1
229,1958-02-01,17.915,1958,2,1
230,1958-03-01,17.686,1958,3,2
231,1958-04-01,17.0752,1958,4,2
232,1958-05-01,16.7444,1958,5,2
233,1958-06-01,17.177,1958,6,3
234,1958-07-01,17.6605,1958,7,3
235,1958-08-01,18.373,1958,8,3
236,1958-09-01,18.4239,1958,9,4
237,1958-10-01,17.8641,1958,10,4
238,1958-11-01,17.7877,1958,11,4
239,1958-12-01,18.7293,1958,12,1
240,1959-01-01,19.7217,1959,1,1
241,1959-02-01,19.3909,1959,2,1
242,1959-03-01,19.2891,1959,3,2
243,1959-04-01,18.8311,1959,4,2
244,1959-05-01,18.7038,1959,5,2
245,1959-06-01,19.2891,1959,6,3
246,1959-07-01,19.7981,1959,7,3
247,1959-08-01,20.2052,1959,8,3
248,1959-09-01,20.4088,1959,9,4
249,1959-10-01,19.4927,1959,10,4
250,1959-11-01,19.4418,1959,11,4
251,1959-12-01,20.5615,1959,12,1
252,1960-01-01,21.4267,1960,1,1
253,1960-02-01,21.1213,1960,2,1
254,1960-03-01,21.2231,1960,3,2
255,1960-04-01,20.5106,1960,4,2
256,1960-05-01,19.8999,1960,5,2
257,1960-06-01,20.4088,1960,6,3
258,1960-07-01,20.9178,1960,7,3
259,1960-08-01,21.7321,1960,8,3
260,1960-09-01,21.7575,1960,9,4
261,1960-10-01,20.7396,1960,10,4
262,1960-11-01,20.5106,1960,11,4
263,1960-12-01,21.274,1960,12,1
264,1961-01-01,22.2919,1961,1,1
265,1961-02-01,21.8339,1961,2,1
266,1961-03-01,21.5285,1961,3,2
267,1961-04-01,21.1722,1961,4,2
268,1961-05-01,21.1722,1961,5,2
269,1961-06-01,21.6303,1961,6,3
270,1961-07-01,22.1392,1961,7,3
271,1961-08-01,23.1826,1961,8,3
272,1961-09-01,23.3098,1961,9,4
273,1961-10-01,22.3937,1961,10,4
274,1961-11-01,22.0629,1961,11,4
275,1961-12-01,22.979,1961,12,1
276,1962-01-01,24.3532,1962,1,1
277,1962-02-01,23.717,1962,2,1
278,1962-03-01,23.5643,1962,3,2
279,1962-04-01,22.6991,1962,4,2
280,1962-05-01,22.5973,1962,5,2
281,1962-06-01,23.3607,1962,6,3
282,1962-07-01,24.0733,1962,7,3
283,1962-08-01,24.7349,1962,8,3
284,1962-09-01,24.7349,1962,9,4
285,1962-10-01,23.717,1962,10,4
286,1962-11-01,23.5643,1962,11,4
287,1962-12-01,24.455,1962,12,1
288,1963-01-01,25.88,1963,1,1
289,1963-02-01,25.5746,1963,2,1
290,1963-03-01,25.0911,1963,3,2
291,1963-04-01,24.1496,1963,4,2
292,1963-05-01,24.1496,1963,5,2
293,1963-06-01,24.9385,1963,6,3
294,1963-07-01,26.0582,1963,7,3
295,1963-08-01,26.8979,1963,8,3
296,1963-09-01,26.5162,1963,9,4
297,1963-10-01,25.1675,1963,10,4
298,1963-11-01,24.8621,1963,11,4
299,1963-12-01,26.0836,1963,12,1
300,1964-01-01,27.7886,1964,1,1
301,1964-02-01,26.9488,1964,2,1
302,1964-03-01,26.8725,1964,3,2
303,1964-04-01,26.4399,1964,4,2
304,1964-05-01,26.2363,1964,5,2
305,1964-06-01,27.1015,1964,6,3
306,1964-07-01,28.8319,1964,7,3
307,1964-08-01,29.6208,1964,8,3
308,1964-09-01,28.9846,1964,9,4
309,1964-10-01,27.4832,1964,10,4
310,1964-11-01,26.8725,1964,11,4
311,1964-12-01,28.3739,1964,12,1
312,1965-01-01,29.4935,1965,1,1
313,1965-02-01,28.8319,1965,2,1
314,1965-03-01,28.8828,1965,3,2
315,1965-04-01,28.2212,1965,4,2
316,1965-05-01,27.7377,1965,5,2
317,1965-06-01,28.7301,1965,6,3
318,1965-07-01,30.0279,1965,7,3
319,1965-08-01,31.0458,1965,8,3
320,1965-09-01,30.8932,1965,9,4
321,1965-10-01,29.3918,1965,10,4
322,1965-11-01,28.6029,1965,11,4
323,1965-12-01,30.0534,1965,12,1
324,1966-01-01,31.2749,1966,1,1
325,1966-02-01,31.224,1966,2,1
326,1966-03-01,30.7914,1966,3,2
327,1966-04-01,29.8244,1966,4,2
328,1966-05-01,29.5953,1966,5,2
329,1966-06-01,30.7405,1966,6,3
330,1966-07-01,33.3615,1966,7,3
331,1966-08-01,34.354,1966,8,3
332,1966-09-01,33.3361,1966,9,4
333,1966-10-01,31.2494,1966,10,4
334,1966-11-01,30.8423,1966,11,4
335,1966-12-01,32.2419,1966,12,1
336,1967-01-01,34.0068,1967,1,1
337,1967-02-01,33.4397,1967,2,1
338,1967-03-01,32.4025,1967,3,2
339,1967-04-01,32.149,1967,4,2
340,1967-05-01,31.0913,1967,5,2
341,1967-06-01,32.4511,1967,6,3
342,1967-07-01,33.5218,1967,7,3
343,1967-08-01,33.9041,1967,8,3
344,1967-09-01,32.8858,1967,9,4
345,1967-10-01,32.8209,1967,10,4
346,1967-11-01,33.3338,1967,11,4
347,1967-12-01,35.3366,1967,12,1
348,1968-01-01,36.6552,1968,1,1
349,1968-02-01,35.7456,1968,2,1
350,1968-03-01,35.4564,1968,3,2
351,1968-04-01,33.8323,1968,4,2
352,1968-05-01,33.4568,1968,5,2
353,1968-06-01,35.5845,1968,6,3
354,1968-07-01,36.2277,1968,7,3
355,1968-08-01,37.5316,1968,8,3
356,1968-09-01,36.7015,1968,9,4
357,1968-10-01,34.9519,1968,10,4
358,1968-11-01,35.5812,1968,11,4
359,1968-12-01,38.1623,1968,12,1
360,1969-01-01,39.5644,1969,1,1
361,1969-02-01,39.1481,1969,2,1
362,1969-03-01,38.4261,1969,3,2
363,1969-04-01,36.5989,1969,4,2
364,1969-05-01,35.8041,1969,5,2
365,1969-06-01,38.3842,1969,6,3
366,1969-07-01,40.2542,1969,7,3
367,1969-08-01,41.5975,1969,8,3
368,1969-09-01,39.7851,1969,9,4
369,1969-10-01,38.1573,1969,10,4
370,1969-11-01,39.1849,1969,11,4
371,1969-12-01,40.5863,1969,12,1
372,1970-01-01,42.443,1970,1,1
373,1970-02-01,41.9218,1970,2,1
374,1970-03-01,40.9996,1970,3,2
375,1970-04-01,39.5975,1970,4,2
376,1970-05-01,39.3354,1970,5,2
377,1970-06-01,40.5693,1970,6,3
378,1970-07-01,42.5771,1970,7,3
379,1970-08-01,44.1442,1970,8,3
380,1970-09-01,42.9492,1970,9,4
381,1970-10-01,39.9408,1970,10,4
382,1970-11-01,40.3268,1970,11,4
383,1970-12-01,41.4825,1970,12,1
384,1971-01-01,44.28,1971,1,1
385,1971-02-01,43.7066,1971,2,1
386,1971-03-01,42.1159,1971,3,2
387,1971-04-01,40.8044,1971,4,2
388,1971-05-01,40.2194,1971,5,2
389,1971-06-01,42.8981,1971,6,3
390,1971-07-01,44.5123,1971,7,3
391,1971-08-01,45.4201,1971,8,3
392,1971-09-01,44.825,1971,9,4
393,1971-10-01,43.2929,1971,10,4
394,1971-11-01,43.3454,1971,11,4
395,1971-12-01,44.9239,1971,12,1
396,1972-01-01,48.1095,1972,1,1
397,1972-02-01,49.2717,1972,2,1
398,1972-03-01,47.1272,1972,3,2
399,1972-04-01,43.8476,1972,4,2
400,1972-05-01,41.477,1972,5,2
401,1972-06-01,43.1669,1972,6,3
402,1972-07-01,44.7181,1972,7,3
403,1972-08-01,47.2721,1972,8,3
404,1972-09-01,46.1295,1972,9,4
405,1972-10-01,44.0204,1972,10,4
406,1972-11-01,46.4926,1972,11,4
407,1972-12-01,51.3963,1972,12,1
408,1973-01-01,55.0983,1973,1,1
409,1973-02-01,53.1904,1973,2,1
410,1973-03-01,49.7553,1973,3,2
411,1973-04-01,46.1196,1973,4,2
412,1973-05-01,44.2575,1973,5,2
413,1973-06-01,46.7498,1973,6,3
414,1973-07-01,48.58,1973,7,3
415,1973-08-01,50.3276,1973,8,3
416,1973-09-01,49.3343,1973,9,4
417,1973-10-01,46.376,1973,10,4
418,1973-11-01,47.1675,1973,11,4
419,1973-12-01,49.0527,1973,12,1
420,1974-01-01,53.0168,1974,1,1
421,1974-02-01,50.8844,1974,2,1
422,1974-03-01,49.0543,1974,3,2
423,1974-04-01,46.1321,1974,4,2
424,1974-05-01,44.7375,1974,5,2
425,1974-06-01,46.4048,1974,6,3
426,1974-07-01,49.9479,1974,7,3
427,1974-08-01,50.964,1974,8,3
428,1974-09-01,47.947,1974,9,4
429,1974-10-01,46.4132,1974,10,4
430,1974-11-01,47.0381,1974,11,4
431,1974-12-01,52.1468,1974,12,1
432,1975-01-01,54.8666,1975,1,1
433,1975-02-01,53.5985,1975,2,1
434,1975-03-01,51.3604,1975,3,2
435,1975-04-01,48.5996,1975,4,2
436,1975-05-01,45.4177,1975,5,2
437,1975-06-01,46.669,1975,6,3
438,1975-07-01,49.7701,1975,7,3
439,1975-08-01,51.4777,1975,8,3
440,1975-09-01,48.6934,1975,9,4
441,1975-10-01,46.0491,1975,10,4
442,1975-11-01,47.0839,1975,11,4
443,1975-12-01,53.5981,1975,12,1
444,1976-01-01,59.7064,1976,1,1
445,1976-02-01,56.083,1976,2,1
446,1976-03-01,52.1279,1976,3,2
447,1976-04-01,47.9905,1976,4,2
448,1976-05-01,45.9836,1976,5,2
449,1976-06-01,48.5127,1976,6,3
450,1976-07-01,51.2447,1976,7,3
451,1976-08-01,52.5815,1976,8,3
452,1976-09-01,50.3378,1976,9,4
453,1976-10-01,48.4031,1976,10,4
454,1976-11-01,52.4621,1976,11,4
455,1976-12-01,59.9119,1976,12,1
456,1977-01-01,65.1187,1977,1,1
457,1977-02-01,60.4386,1977,2,1
458,1977-03-01,54.1659,1977,3,2
459,1977-04-01,49.7567,1977,4,2
460,1977-05-01,48.5794,1977,5,2
461,1977-06-01,51.533,1977,6,3
462,1977-07-01,54.9269,1977,7,3
463,1977-08-01,55.0933,1977,8,3
464,1977-09-01,52.4302,1977,9,4
465,1977-10-01,49.9841,1977,10,4
466,1977-11-01,51.1228,1977,11,4
467,1977-12-01,58.6939,1977,12,1
468,1978-01-01,64.4899,1978,1,1
469,1978-02-01,63.4999,1978,2,1
470,1978-03-01,57.8546,1978,3,2
471,1978-04-01,50.6454,1978,4,2
472,1978-05-01,49.2442,1978,5,2
473,1978-06-01,52.4033,1978,6,3
474,1978-07-01,54.6861,1978,7,3
475,1978-08-01,56.6538,1978,8,3
476,1978-09-01,54.2367,1978,9,4
477,1978-10-01,51.4193,1978,10,4
478,1978-11-01,53.2464,1978,11,4
479,1978-12-01,59.8497,1978,12,1
480,1979-01-01,67.6809,1979,1,1
481,1979-02-01,67.1033,1979,2,1
482,1979-03-01,60.4569,1979,3,2
483,1979-04-01,54.4463,1979,4,2
484,1979-05-01,50.6367,1979,5,2
485,1979-06-01,52.4517,1979,6,3
486,1979-07-01,54.6133,1979,7,3
487,1979-08-01,56.7862,1979,8,3
488,1979-09-01,53.4218,1979,9,4
489,1979-10-01,51.9675,1979,10,4
490,1979-11-01,53.8291,1979,11,4
491,1979-12-01,59.1896,1979,12,1
492,1980-01-01,64.4041,1980,1,1
493,1980-02-01,63.8043,1980,2,1
494,1980-03-01,59.971,1980,3,2
495,1980-04-01,52.3178,1980,4,2
496,1980-05-01,49.0551,1980,5,2
497,1980-06-01,51.6434,1980,6,3
498,1980-07-01,57.6509,1980,7,3
499,1980-08-01,59.5078,1980,8,3
500,1980-09-01,56.8752,1980,9,4
501,1980-10-01,53.9454,1980,10,4
502,1980-11-01,55.6179,1980,11,4
503,1980-12-01,62.4933,1980,12,1
504,1981-01-01,68.2364,1981,1,1
505,1981-02-01,62.6833,1981,2,1
506,1981-03-01,59.2046,1981,3,2
507,1981-04-01,53.3356,1981,4,2
508,1981-05-01,51.4677,1981,5,2
509,1981-06-01,55.6474,1981,6,3
510,1981-07-01,59.7162,1981,7,3
511,1981-08-01,59.7444,1981,8,3
512,1981-09-01,55.5306,1981,9,4
513,1981-10-01,53.867,1981,10,4
514,1981-11-01,54.8922,1981,11,4
515,1981-12-01,62.4867,1981,12,1
516,1982-01-01,69.6167,1982,1,1
517,1982-02-01,63.3124,1982,2,1
518,1982-03-01,58.8828,1982,3,2
519,1982-04-01,53.3005,1982,4,2
520,1982-05-01,49.1127,1982,5,2
521,1982-06-01,51.919,1982,6,3
522,1982-07-01,55.7973,1982,7,3
523,1982-08-01,56.3378,1982,8,3
524,1982-09-01,53.1931,1982,9,4
525,1982-10-01,50.9296,1982,10,4
526,1982-11-01,53.2577,1982,11,4
527,1982-12-01,57.8883,1982,12,1
528,1983-01-01,64.9772,1983,1,1
529,1983-02-01,58.278,1983,2,1
530,1983-03-01,56.4576,1983,3,2
531,1983-04-01,52.1802,1983,4,2
532,1983-05-01,48.436,1983,5,2
533,1983-06-01,50.9377,1983,6,3
534,1983-07-01,57.0658,1983,7,3
535,1983-08-01,60.6677,1983,8,3
536,1983-09-01,56.944,1983,9,4
537,1983-10-01,52.9718,1983,10,4
538,1983-11-01,54.9642,1983,11,4
539,1983-12-01,64.6495,1983,12,1
540,1984-01-01,72.174,1984,1,1
541,1984-02-01,65.2645,1984,2,1
542,1984-03-01,62.3346,1984,3,2
543,1984-04-01,56.5917,1984,4,2
544,1984-05-01,54.3258,1984,5,2
545,1984-06-01,57.0618,1984,6,3
546,1984-07-01,59.7708,1984,7,3
547,1984-08-01,61.4278,1984,8,3
548,1984-09-01,57.2148,1984,9,4
549,1984-10-01,53.9036,1984,10,4
550,1984-11-01,56.3131,1984,11,4
551,1984-12-01,62.4026,1984,12,1
552,1985-01-01,71.5943,1985,1,1
553,1985-02-01,69.7893,1985,2,1
554,1985-03-01,61.6809,1985,3,2
555,1985-04-01,56.7497,1985,4,2
556,1985-05-01,54.6182,1985,5,2
557,1985-06-01,57.3528,1985,6,3
558,1985-07-01,61.8214,1985,7,3
559,1985-08-01,62.4449,1985,8,3
560,1985-09-01,59.843,1985,9,4
561,1985-10-01,55.6117,1985,10,4
562,1985-11-01,57.2698,1985,11,4
563,1985-12-01,67.8466,1985,12,1
564,1986-01-01,72.3975,1986,1,1
565,1986-02-01,67.1452,1986,2,1
566,1986-03-01,61.46,1986,3,2
567,1986-04-01,56.3369,1986,4,2
568,1986-05-01,55.1238,1986,5,2
569,1986-06-01,59.1365,1986,6,3
570,1986-07-01,64.9229,1986,7,3
571,1986-08-01,63.679,1986,8,3
572,1986-09-01,60.2601,1986,9,4
573,1986-10-01,56.8356,1986,10,4
574,1986-11-01,58.6074,1986,11,4
575,1986-12-01,67.3092,1986,12,1
576,1987-01-01,72.9113,1987,1,1
577,1987-02-01,69.2043,1987,2,1
578,1987-03-01,64.8135,1987,3,2
579,1987-04-01,59.4215,1987,4,2
580,1987-05-01,58.1425,1987,5,2
581,1987-06-01,63.0777,1987,6,3
582,1987-07-01,67.9967,1987,7,3
583,1987-08-01,69.1874,1987,8,3
584,1987-09-01,63.3379,1987,9,4
585,1987-10-01,59.6356,1987,10,4
586,1987-11-01,61.6862,1987,11,4
587,1987-12-01,69.7097,1987,12,1
588,1988-01-01,78.8866,1988,1,1
589,1988-02-01,75.222,1988,2,1
590,1988-03-01,69.4421,1988,3,2
591,1988-04-01,62.4767,1988,4,2
592,1988-05-01,60.6575,1988,5,2
593,1988-06-01,66.2688,1988,6,3
594,1988-07-01,72.0743,1988,7,3
595,1988-08-01,74.8131,1988,8,3
596,1988-09-01,66.7103,1988,9,4
597,1988-10-01,62.511,1988,10,4
598,1988-11-01,64.2953,1988,11,4
599,1988-12-01,72.9427,1988,12,1
600,1989-01-01,76.9693,1989,1,1
601,1989-02-01,75.7016,1989,2,1
602,1989-03-01,72.4389,1989,3,2
603,1989-04-01,64.2923,1989,4,2
604,1989-05-01,62.9075,1989,5,2
605,1989-06-01,67.6328,1989,6,3
606,1989-07-01,73.1397,1989,7,3
607,1989-08-01,74.1457,1989,8,3
608,1989-09-01,68.472,1989,9,4
609,1989-10-01,65.0749,1989,10,4
610,1989-11-01,68.2207,1989,11,4
611,1989-12-01,83.1429,1989,12,1
612,1990-01-01,83.3799,1990,1,1
613,1990-02-01,76.2653,1990,2,1
614,1990-03-01,72.3234,1990,3,2
615,1990-04-01,66.4556,1990,4,2
616,1990-05-01,65.0281,1990,5,2
617,1990-06-01,70.5829,1990,6,3
618,1990-07-01,75.6895,1990,7,3
619,1990-08-01,76.171,1990,8,3
620,1990-09-01,72.1821,1990,9,4
621,1990-10-01,66.6133,1990,10,4
622,1990-11-01,67.74,1990,11,4
623,1990-12-01,76.7537,1990,12,1
624,1991-01-01,85.002,1991,1,1
625,1991-02-01,76.6402,1991,2,1
626,1991-03-01,72.5062,1991,3,2
627,1991-04-01,66.3484,1991,4,2
628,1991-05-01,67.9915,1991,5,2
629,1991-06-01,73.962,1991,6,3
630,1991-07-01,79.1482,1991,7,3
631,1991-08-01,78.2187,1991,8,3
632,1991-09-01,72.7097,1991,9,4
633,1991-10-01,67.9269,1991,10,4
634,1991-11-01,71.6291,1991,11,4
635,1991-12-01,78.5476,1991,12,1
636,1992-01-01,84.2776,1992,1,1
637,1992-02-01,79.2162,1992,2,1
638,1992-03-01,73.6222,1992,3,2
639,1992-04-01,68.7932,1992,4,2
640,1992-05-01,66.3713,1992,5,2
641,1992-06-01,70.3526,1992,6,3
642,1992-07-01,76.5649,1992,7,3
643,1992-08-01,75.6319,1992,8,3
644,1992-09-01,71.4838,1992,9,4
645,1992-10-01,68.2018,1992,10,4
646,1992-11-01,72.616,1992,11,4
647,1992-12-01,83.5149,1992,12,1
648,1993-01-01,86.9103,1993,1,1
649,1993-02-01,83.5249,1993,2,1
650,1993-03-01,78.4978,1993,3,2
651,1993-04-01,70.2081,1993,4,2
652,1993-05-01,66.8964,1993,5,2
653,1993-06-01,73.4364,1993,6,3
654,1993-07-01,81.1063,1993,7,3
655,1993-08-01,81.061,1993,8,3
656,1993-09-01,73.7141,1993,9,4
657,1993-10-01,68.8317,1993,10,4
658,1993-11-01,73.5127,1993,11,4
659,1993-12-01,83.2048,1993,12,1
660,1994-01-01,92.9911,1994,1,1
661,1994-02-01,86.0992,1994,2,1
662,1994-03-01,78.2876,1994,3,2
663,1994-04-01,70.1181,1994,4,2
664,1994-05-01,68.5535,1994,5,2
665,1994-06-01,77.0304,1994,6,3
666,1994-07-01,82.2806,1994,7,3
667,1994-08-01,80.9048,1994,8,3
668,1994-09-01,74.7837,1994,9,4
669,1994-10-01,70.4121,1994,10,4
670,1994-11-01,74.3476,1994,11,4
671,1994-12-01,83.8059,1994,12,1
672,1995-01-01,91.3554,1995,1,1
673,1995-02-01,86.3571,1995,2,1
674,1995-03-01,80.3024,1995,3,2
675,1995-04-01,72.9393,1995,4,2
676,1995-05-01,72.4021,1995,5,2
677,1995-06-01,77.3766,1995,6,3
678,1995-07-01,84.9538,1995,7,3
679,1995-08-01,88.4644,1995,8,3
680,1995-09-01,77.5676,1995,9,4
681,1995-10-01,72.8306,1995,10,4
682,1995-11-01,78.6965,1995,11,4
683,1995-12-01,89.7321,1995,12,1
684,1996-01-01,97.7855,1996,1,1
685,1996-02-01,91.777,1996,2,1
686,1996-03-01,85.9044,1996,3,2
687,1996-04-01,76.3139,1996,4,2
688,1996-05-01,75.7842,1996,5,2
689,1996-06-01,80.9677,1996,6,3
690,1996-07-01,84.9436,1996,7,3
691,1996-08-01,85.5267,1996,8,3
692,1996-09-01,78.2555,1996,9,4
693,1996-10-01,73.7917,1996,10,4
694,1996-11-01,80.0852,1996,11,4
695,1996-12-01,89.3969,1996,12,1
696,1997-01-01,97.2727,1997,1,1
697,1997-02-01,88.703,1997,2,1
698,1997-03-01,82.023,1997,3,2
699,1997-04-01,75.238,1997,4,2
700,1997-05-01,72.9708,1997,5,2
701,1997-06-01,78.8182,1997,6,3
702,1997-07-01,87.3912,1997,7,3
703,1997-08-01,86.7331,1997,8,3
704,1997-09-01,80.9522,1997,9,4
705,1997-10-01,76.5652,1997,10,4
706,1997-11-01,81.0508,1997,11,4
707,1997-12-01,90.9822,1997,12,1
708,1998-01-01,93.6496,1998,1,1
709,1998-02-01,86.7676,1998,2,1
710,1998-03-01,85.5153,1998,3,2
711,1998-04-01,75.8325,1998,4,2
712,1998-05-01,77.0958,1998,5,2
713,1998-06-01,85.4167,1998,6,3
714,1998-07-01,92.7016,1998,7,3
715,1998-08-01,92.3939,1998,8,3
716,1998-09-01,86.4797,1998,9,4
717,1998-10-01,79.1293,1998,10,4
718,1998-11-01,80.4538,1998,11,4
719,1998-12-01,90.5811,1998,12,1
720,1999-01-01,100.9159,1999,1,1
721,1999-02-01,90.1004,1999,2,1
722,1999-03-01,89.6636,1999,3,2
723,1999-04-01,79.5431,1999,4,2
724,1999-05-01,78.4474,1999,5,2
725,1999-06-01,86.8037,1999,6,3
726,1999-07-01,96.3147,1999,7,3
727,1999-08-01,95.2565,1999,8,3
728,1999-09-01,86.1813,1999,9,4
729,1999-10-01,79.6564,1999,10,4
730,1999-11-01,81.2076,1999,11,4
731,1999-12-01,93.3584,1999,12,1
732,2000-01-01,100.9655,2000,1,1
733,2000-02-01,93.1095,2000,2,1
734,2000-03-01,87.0262,2000,3,2
735,2000-04-01,80.4459,2000,4,2
736,2000-05-01,83.4576,2000,5,2
737,2000-06-01,89.9646,2000,6,3
738,2000-07-01,94.8622,2000,7,3
739,2000-08-01,98.1841,2000,8,3
740,2000-09-01,89.5925,2000,9,4
741,2000-10-01,82.1321,2000,10,4
742,2000-11-01,86.9273,2000,11,4
743,2000-12-01,101.1556,2000,12,1
744,2001-01-01,107.7077,2001,1,1
745,2001-02-01,95.94,2001,2,1
746,2001-03-01,91.666,2001,3,2
747,2001-04-01,81.891,2001,4,2
748,2001-05-01,81.5458,2001,5,2
749,2001-06-01,89.3101,2001,6,3
750,2001-07-01,94.8889,2001,7,3
751,2001-08-01,98.3217,2001,8,3
752,2001-09-01,87.191,2001,9,4
753,2001-10-01,81.6619,2001,10,4
754,2001-11-01,81.9037,2001,11,4
755,2001-12-01,91.8858,2001,12,1
756,2002-01-01,101.7175,2002,1,1
757,2002-02-01,94.0329,2002,2,1
758,2002-03-01,92.1127,2002,3,2
759,2002-04-01,84.7659,2002,4,2
760,2002-05-01,84.2267,2002,5,2
761,2002-06-01,92.0888,2002,6,3
762,2002-07-01,101.1591,2002,7,3
763,2002-08-01,100.3893,2002,8,3
764,2002-09-01,92.1628,2002,9,4
765,2002-10-01,85.8274,2002,10,4
766,2002-11-01,87.4777,2002,11,4
767,2002-12-01,99.534,2002,12,1
768,2003-01-01,108.7791,2003,1,1
769,2003-02-01,102.5276,2003,2,1
770,2003-03-01,93.3849,2003,3,2
771,2003-04-01,84.0376,2003,4,2
772,2003-05-01,84.4607,2003,5,2
773,2003-06-01,90.0042,2003,6,3
774,2003-07-01,100.9924,2003,7,3
775,2003-08-01,103.206,2003,8,3
776,2003-09-01,91.7917,2003,9,4
777,2003-10-01,85.4571,2003,10,4
778,2003-11-01,87.5007,2003,11,4
779,2003-12-01,102.2649,2003,12,1
780,2004-01-01,112.2926,2004,1,1
781,2004-02-01,104.8474,2004,2,1
782,2004-03-01,94.2332,2004,3,2
783,2004-04-01,85.6852,2004,4,2
784,2004-05-01,87.9893,2004,5,2
785,2004-06-01,94.3788,2004,6,3
786,2004-07-01,100.5751,2004,7,3
787,2004-08-01,98.9975,2004,8,3
788,2004-09-01,92.8908,2004,9,4
789,2004-10-01,86.4617,2004,10,4
790,2004-11-01,88.4874,2004,11,4
791,2004-12-01,104.3951,2004,12,1
792,2005-01-01,109.7843,2005,1,1
793,2005-02-01,100.4265,2005,2,1
794,2005-03-01,97.7496,2005,3,2
795,2005-04-01,85.3841,2005,4,2
796,2005-05-01,86.0728,2005,5,2
797,2005-06-01,98.2479,2005,6,3
798,2005-07-01,107.1747,2005,7,3
799,2005-08-01,108.3466,2005,8,3
800,2005-09-01,98.0687,2005,9,4
801,2005-10-01,88.8222,2005,10,4
802,2005-11-01,89.2755,2005,11,4
803,2005-12-01,106.8766,2005,12,1
804,2006-01-01,103.2467,2006,1,1
805,2006-02-01,100.1125,2006,2,1
806,2006-03-01,97.2186,2006,3,2
807,2006-04-01,86.3931,2006,4,2
808,2006-05-01,88.8905,2006,5,2
809,2006-06-01,99.2777,2006,6,3
810,2006-07-01,109.7055,2006,7,3
811,2006-08-01,110.3164,2006,8,3
812,2006-09-01,94.6849,2006,9,4
813,2006-10-01,89.3318,2006,10,4
814,2006-11-01,91.2085,2006,11,4
815,2006-12-01,101.821,2006,12,1
816,2007-01-01,110.7058,2007,1,1
817,2007-02-01,110.454,2007,2,1
818,2007-03-01,97.9823,2007,3,2
819,2007-04-01,89.6843,2007,4,2
820,2007-05-01,90.9207,2007,5,2
821,2007-06-01,99.7503,2007,6,3
822,2007-07-01,106.3227,2007,7,3
823,2007-08-01,112.7922,2007,8,3
824,2007-09-01,100.3374,2007,9,4
825,2007-10-01,91.8884,2007,10,4
826,2007-11-01,92.7412,2007,11,4
827,2007-12-01,105.442,2007,12,1
828,2008-01-01,113.4467,2008,1,1
829,2008-02-01,106.8984,2008,2,1
830,2008-03-01,99.2054,2008,3,2
831,2008-04-01,89.8473,2008,4,2
832,2008-05-01,90.0774,2008,5,2
833,2008-06-01,102.6195,2008,6,3
834,2008-07-01,109.4204,2008,7,3
835,2008-08-01,106.2819,2008,8,3
836,2008-09-01,96.5447,2008,9,4
837,2008-10-01,89.8755,2008,10,4
838,2008-11-01,92.6256,2008,11,4
839,2008-12-01,108.0176,2008,12,1
840,2009-01-01,115.3515,2009,1,1
841,2009-02-01,103.092,2009,2,1
842,2009-03-01,96.5375,2009,3,2
843,2009-04-01,86.9999,2009,4,2
844,2009-05-01,86.4167,2009,5,2
845,2009-06-01,96.0944,2009,6,3
846,2009-07-01,102.6101,2009,7,3
847,2009-08-01,104.4211,2009,8,3
848,2009-09-01,93.6745,2009,9,4
849,2009-10-01,88.0479,2009,10,4
850,2009-11-01,88.1245,2009,11,4
851,2009-12-01,109.2273,2009,12,1
852,2010-01-01,117.4737,2010,1,1
853,2010-02-01,109.106,2010,2,1
854,2010-03-01,96.8805,2010,3,2
855,2010-04-01,84.9776,2010,4,2
856,2010-05-01,89.4931,2010,5,2
857,2010-06-01,102.9199,2010,6,3
858,2010-07-01,111.4497,2010,7,3
859,2010-08-01,111.5623,2010,8,3
860,2010-09-01,98.8352,2010,9,4
861,2010-10-01,87.7291,2010,10,4
862,2010-11-01,91.4364,2010,11,4
863,2010-12-01,112.8056,2010,12,1
864,2011-01-01,117.9343,2011,1,1
865,2011-02-01,105.867,2011,2,1
866,2011-03-01,97.6831,2011,3,2
867,2011-04-01,88.0082,2011,4,2
868,2011-05-01,88.7352,2011,5,2
869,2011-06-01,101.3837,2011,6,3
870,2011-07-01,113.2128,2011,7,3
871,2011-08-01,112.0655,2011,8,3
872,2011-09-01,98.0976,2011,9,4
873,2011-10-01,88.9858,2011,10,4
874,2011-11-01,92.3775,2011,11,4
875,2011-12-01,105.7794,2011,12,1
876,2012-01-01,110.2292,2012,1,1
877,2012-02-01,101.8597,2012,2,1
878,2012-03-01,92.0263,2012,3,2
879,2012-04-01,86.151,2012,4,2
880,2012-05-01,91.3542,2012,5,2
881,2012-06-01,99.6795,2012,6,3
882,2012-07-01,111.6088,2012,7,3
883,2012-08-01,108.4356,2012,8,3
884,2012-09-01,95.393,2012,9,4
885,2012-10-01,88.8972,2012,10,4
886,2012-11-01,92.8549,2012,11,4
887,2012-12-01,103.5323,2012,12,1
888,2013-01-01,113.6169,2013,1,1
889,2013-02-01,104.9588,2013,2,1
890,2013-03-01,101.2068,2013,3,2
891,2013-04-01,89.2832,2013,4,2
892,2013-05-01,89.3331,2013,5,2
893,2013-06-01,99.1089,2013,6,3
894,2013-07-01,108.6244,2013,7,3
895,2013-08-01,106.7201,2013,8,3
896,2013-09-01,97.7893,2013,9,4
897,2013-10-01,90.2661,2013,10,4
898,2013-11-01,95.5682,2013,11,4
899,2013-12-01,111.7132,2013,12,1
900,2014-01-01,122.2478,2014,1,1
901,2014-02-01,111.0635,2014,2,1
902,2014-03-01,102.9009,2014,3,2
903,2014-04-01,88.4617,2014,4,2
904,2014-05-01,90.4627,2014,5,2
905,2014-06-01,100.077,2014,6,3
906,2014-07-01,106.9483,2014,7,3
907,2014-08-01,106.7093,2014,8,3
908,2014-09-01,98.875,2014,9,4
909,2014-10-01,90.7419,2014,10,4
910,2014-11-01,97.6889,2014,11,4
911,2014-12-01,107.4269,2014,12,1
912,2015-01-01,118.2529,2015,1,1
913,2015-02-01,114.5312,2015,2,1
914,2015-03-01,102.5268,2015,3,2
915,2015-04-01,87.8375,2015,4,2
916,2015-05-01,89.3232,2015,5,2
917,2015-06-01,101.3074,2015,6,3
918,2015-07-01,110.2382,2015,7,3
919,2015-08-01,109.0314,2015,8,3
920,2015-09-01,100.2091,2015,9,4
921,2015-10-01,89.5857,2015,10,4
922,2015-11-01,90.8253,2015,11,4
923,2015-12-01,100.7941,2015,12,1
924,2016-01-01,115.1679,2016,1,1
925,2016-02-01,104.3868,2016,2,1
926,2016-03-01,92.8194,2016,3,2
927,2016-04-01,86.8332,2016,4,2
928,2016-05-01,88.1173,2016,5,2
929,2016-06-01,101.858,2016,6,3
930,2016-07-01,112.473,2016,7,3
931,2016-08-01,113.7736,2016,8,3
932,2016-09-01,100.7214,2016,9,4
933,2016-10-01,89.5034,2016,10,4
934,2016-11-01,91.2201,2016,11,4
935,2016-12-01,112.2975,2016,12,1
936,2017-01-01,114.8134,2017,1,1
937,2017-02-01,98.2094,2017,2,1
938,2017-03-01,99.6332,2017,3,2
939,2017-04-01,85.9072,2017,4,2
940,2017-05-01,89.2037,2017,5,2
941,2017-06-01,99.1942,2017,6,3
942,2017-07-01,109.8524,2017,7,3
943,2017-08-01,106.3908,2017,8,3
944,2017-09-01,95.8099,2017,9,4
945,2017-10-01,90.8123,2017,10,4
946,2017-11-01,95.7453,2017,11,4
947,2017-12-01,114.4282,2017,12,1
948,2018-01-01,126.3772,2018,1,1
949,2018-02-01,106.1898,2018,2,1
950,2018-03-01,103.1246,2018,3,2
951,2018-04-01,92.4309,2018,4,2
952,2018-05-01,93.0783,2018,5,2
953,2018-06-01,103.2585,2018,6,3
954,2018-07-01,113.0918,2018,7,3
955,2018-08-01,113.0433,2018,8,3
956,2018-09-01,101.4001,2018,9,4
957,2018-10-01,94.482,2018,10,4
958,2018-11-01,101.3712,2018,11,4
959,2018-12-01,110.5681,2018,12,1
960,2019-01-01,120.0502,2019,1,1
961,2019-02-01,109.9554,2019,2,1
962,2019-03-01,104.4465,2019,3,2
963,2019-04-01,88.2558,2019,4,2
964,2019-05-01,92.623,2019,5,2
965,2019-06-01,99.6883,2019,6,3
966,2019-07-01,113.9186,2019,7,3
967,2019-08-01,112.3547,2019,8,3
968,2019-09-01,103.1333,2019,9,4
969,2019-10-01,93.8206,2019,10,4
970,2019-11-01,99.9782,2019,11,4
971,2019-12-01,109.9263,2019,12,1
972,2020-01-01,112.9689,2020,1,1
973,2020-02-01,106.6252,2020,2,1
974,2020-03-01,96.5893,2020,3,2
975,2020-04-01,86.1592,2020,4,2
976,2020-05-01,87.3142,2020,5,2
977,2020-06-01,99.7878,2020,6,3
978,2020-07-01,115.2094,2020,7,3
979,2020-08-01,111.9436,2020,8,3
980,2020-09-01,98.0642,2020,9,4
981,2020-10-01,91.7288,2020,10,4
982,2020-11-01,92.992,2020,11,4
983,2020-12-01,112.6681,2020,12,1
984,2021-01-01,116.9989,2021,1,1
985,2021-02-01,114.1177,2021,2,1
986,2021-03-01,98.7179,2021,3,2
987,2021-04-01,87.6118,2021,4,2
988,2021-05-01,89.7311,2021,5,2
989,2021-06-01,104.2213,2021,6,3
990,2021-07-01,112.5363,2021,7,3
991,2021-08-01,114.2149,2021,8,3
992,2021-09-01,100.5376,2021,9,4
993,2021-10-01,91.6349,2021,10,4
994,2021-11-01,97.9335,2021,11,4
995,2021-12-01,108.1238,2021,12,1
996,2022-01-01,125.6794,2022,1,1
997,2022-02-01,113.6572,2022,2,1
998,2022-03-01,102.5691,2022,3,2
999,2022-04-01,91.3843,2022,4,2
1000,2022-05-01,94.3582,2022,5,2
1001,2022-06-01,105.0858,2022,6,3
1002,2022-07-01,116.0599,2022,7,3
1003,2022-08-01,114.7776,2022,8,3
1004,2022-09-01,100.9932,2022,9,4
1005,2022-10-01,91.0842,2022,10,4
1006,2022-11-01,99.8793,2022,11,4
1007,2022-12-01,118.3698,2022,12,1
1008,2023-01-01,115.4409,2023,1,1
1009,2023-02-01,105.6466,2023,2,1
1010,2023-03-01,104.3278,2023,3,2
1011,2023-04-01,89.7288,2023,4,2
1012,2023-05-01,91.7973,2023,5,2
1013,2023-06-01,100.7517,2023,6,3
1014,2023-07-01,117.2872,2023,7,3
1015,2023-08-01,117.7969,2023,8,3
1016,2023-09-01,103.8604,2023,9,4
1017,2023-10-01,94.5422,2023,10,4
1018,2023-11-01,99.4709,2023,11,4
1019,2023-12-01,108.6596,2023,12,1
1020,2024-01-01,124.2325,2024,1,1
1021,2024-02-01,106.1255,2024,2,1
1022,2024-03-01,98.3225,2024,3,2
1023,2024-04-01,90.4549,2024,4,2
1024,2024-05-01,95.7259,2024,5,2
1025,2024-06-01,109.1424,2024,6,3
1026,2024-07-01,120.0882,2024,7,3
1027,2024-08-01,118.4131,2024,8,3
1028,2024-09-01,104.6917,2024,9,4
1029,2024-10-01,96.2642,2024,10,4
